[START] Neighbors: [10, 32, 61, 887]  ----> [9, 28, 63, 843]  ----> [8, 9, 90, 210]  ----> [7, 14, 85, 661]  ----> [6, 15, 37, 283]  ----> [5, 36, 82, 416]  ----> [4, 15, 54, 92]  ----> |
[60, 100] Neighbors: |
[53, 97] Neighbors: |
[41, 72] Neighbors: |
[15, 54] Neighbors: [1, 60, 100, 543]  ----> |
[36, 82] Neighbors: |
[15, 37] Neighbors: [11, 42, 51, 812]  ----> [3, 41, 72, 650]  ----> [2, 53, 97, 670]  ----> [1, 60, 100, 543]  ----> |
[14, 85] Neighbors: |
[9, 90] Neighbors: |
[28, 63] Neighbors: |
[32, 61] Neighbors: |
[42, 51] Neighbors: [2, 53, 97, 670]  ----> [1, 60, 100, 543]  ----> |
[END] Neighbors: [10, 32, 61, 887]  ----> [9, 28, 63, 843]  ----> [8, 9, 90, 210]  ----> [7, 14, 85, 661]  ----> [5, 36, 82, 416]  ----> [3, 41, 72, 650]  ----> [2, 53, 97, 670]  ----> [1, 60, 100, 543]  ----> |
